4294967294,5
4294967293,131
4294967293,130
4294967293,129
4294967293,128
4294967293,127
4294967293,126
4294967293,125
4294967293,124
4294967293,123
4294967293,122
4294967293,121
4294967293,120
4294967293,119
4294967293,118
4294967293,117
4294967293,116
4294967293,115
4294967293,114
4294967293,113
4294967293,112
4294967293,111
4294967293,110
4294967293,109
4294967293,108
4294967293,107
4294967293,106
4294967293,105
4294967293,104
4294967293,103
4294967293,102
4294967293,101
4294967293,100
4294967293,99
4294967293,98
4294967293,97
4294967293,96
4294967293,95
4294967293,94
4294967293,93
4294967293,92
4294967293,91
4294967293,90
4294967293,89
4294967293,87
4294967293,86
4294967293,85
4294967293,84
4294967293,83
4294967293,82
4294967293,81
4294967293,80
4294967293,79
4294967293,78
4294967293,77
4294967293,76
4294967293,75
4294967293,74
4294967293,73
4294967293,72
4294967293,71
4294967293,70
4294967293,69
4294967293,68
4294967293,67
4294967293,66
4294967293,65
4294967293,64
4294967293,63
4294967293,62
4294967293,61
4294967293,60
4294967293,59
4294967293,58
4294967293,57
4294967293,56
4294967293,55
4294967293,54
4294967293,53
4294967293,52
4294967293,51
4294967293,50
4294967293,49
4294967293,48
4294967293,47
4294967293,46
4294967293,45
4294967293,44
4294967293,43
4294967293,42
4294967293,41
4294967293,40
4294967293,39
4294967293,38
4294967293,37
4294967293,36
4294967293,35
4294967293,34
4294967293,33
4294967293,32
4294967293,31
4294967293,30
4294967293,29
4294967293,28
4294967293,27
4294967293,26
4294967293,25
4294967293,24
4294967293,23
4294967293,22
4294967293,21
4294967293,20
4294967293,19
4294967293,18
4294967293,17
4294967293,16
4294967293,15
4294967293,14
4294967293,13
4294967293,12
4294967293,11
4294967293,10
4294967293,9
4294967293,8
4294967293,7
4294967293,6
4294967293,5
4294967293,4
4294967293,3
4294967278,93
4294967278,92
4294967278,356
4294967278,300
4294967278,84
4294967278,83
4294967278,0
4294967278,297
4294967278,296
4294967278,63
4294967278,379
4294967278,333
4294967278,386
4294967278,392
4294967278,56
4294967278,55
4294967278,54
4294967278,35
4294967278,34
4294967278,32
4294967278,31
4294967278,29
4294967278,28
4294967278,27
4294967278,25
4294967278,24
4294967279,132
4294967279,131
4294967279,130
4294967279,129
4294967279,128
4294967279,127
4294967279,174
4294967279,75
4294967279,74
4294967279,73
4294967279,72
4294967279,355
4294967279,70
4294967279,69
4294967279,67
4294967279,64
4294967279,354
4294967279,63
4294967279,328
4294967279,62
4294967279,295
4294967279,61
4294967279,327
4294967279,60
4294967279,381
4294967279,59
4294967279,388
4294967279,58
4294967279,294
4294967279,55
4294967279,353
4294967279,53
4294967279,293
4294967279,51
4294967279,292
4294967279,50
4294967279,323
4294967279,44
4294967279,322
4294967279,43
4294967279,37
4294967279,36
4294967279,33
4294967279,32
4294967279,28
4294967279,26
4294967279,23
4294967279,22
4294967279,21
4294967279,18
4294967279,17
4294967279,16
4294967279,13
4294967279,12
4294967279,11
4294967279,8
4294967279,7
4294967279,6
4294967294,1206
4294967294,1155
4294967278,384
4294967279,254
4294967294,1154
4294967294,1212
4294967294,1023
4294967294,1238
4294967294,424
4294967294,1213
4294967294,1184
4294967294,1188
4294967294,1169
4294967294,439
4294967294,980
4294967294,458
4294967294,852
4294967294,1201
4294967294,1166
4294967294,1183
4294967294,1158
4294967294,1160
4294967294,1157
4294967294,1196
4294967294,1202
4294967294,489
4294967294,1211
4294967294,1179
4294967294,488
4294967294,487
4294967294,486
4294967294,430
4294967294,485
4294967294,484
4294967294,1190
4294967294,483
4294967294,482
4294967294,1181
4294967294,481
4294967294,1170
4294967294,480
4294967294,1178
4294967294,1172
4294967294,1180
4294967294,1153
4294967294,1171
4294967294,1163
4294967294,1174
4294967294,107
4294967294,1164
4294967294,407
4294967294,120
4294967294,452
4294967294,1168
4294967294,92
4294967294,88
4294967294,86
4294967294,1165
4294967294,166
4294967294,1156
4294967294,46
4294967294,1351
4294967294,972
4294967294,53
4294967294,44
4294967294,45
4294967294,51
4294967294,1019
4294967294,25
4294967294,27
4294967294,26
4294967294,29
4294967294,28
4294967294,1159
4294967294,1
4294967294,24
4294967294,395
4294967294,542
4294967294,541
4294967294,540
4294967294,539
4294967294,538
4294967294,536
4294967294,537
4294967294,535
4294967294,534
4294967294,533
4294967294,532
4294967294,531
4294967294,530
4294967294,529
4294967294,528
4294967294,527
4294967294,526
4294967294,525
4294967294,524
4294967294,523
4294967294,522
4294967294,521
4294967294,519
4294967294,520
4294967294,518
4294967294,517
4294967294,516
4294967294,515
4294967294,514
4294967294,513
4294967294,2
4294967294,512
4294967294,383
4294967294,382
4294967294,381
4294967294,1175
4294967294,1036
4294967294,1035
4294967294,1033
4294967294,1032
4294967294,31
4294967294,856
4294967294,1224
4294967294,1245
4294967294,853
4294967294,870
4294967294,1195
4294967294,1226
4294967294,847
4294967294,460
4294967294,471
4294967279,392
4294967279,307
4294967278,137
4294967279,333
4294967279,300
4294967279,332
4294967279,356
4294967278,323
4294967278,371
4294967278,394
4294967279,383
4294967279,335
4294967278,334
4294967278,325
4294967278,346
4294967279,288
4294967278,278
4294967279,386
4294967278,363
4294967278,322
4294967278,321
4294967278,288
4294967279,370
4294967278,287
4294967279,272
4294967278,332
4294967278,366
4294967279,378
4294967279,280
4294967279,279
4294967279,349
4294967278,393
4243767290,0
4294967294,479
4294967278,171
4294967294,1048
4294967294,1041
4294967294,478
4294967294,1047
4294967279,435
4294967294,1040
4294967294,973
4294967278,170
4294967294,1046
4294967294,1039
4243767290,6
4243767290,5
4294967294,477
4294967294,1045
4294967278,479
4294967294,1038
4243767290,4
4243767290,3
4243767290,2
4294967294,320
4294967294,575
4294967294,574
4294967294,573
4294967294,572
4294967294,571
4294967294,570
4294967294,569
4294967294,568
4294967294,567
4294967294,566
4294967294,565
4294967294,564
4294967294,563
4294967294,562
4294967294,561
4294967294,560
4294967294,553
4294967294,552
4294967294,551
4294967294,550
4294967294,549
4294967294,548
4294967294,547
4294967294,546
4294967294,545
4294967294,544
4294967294,543
4294967294,4
4294967279,56
1,3
4294967279,387
4294967278,52
4294967278,351
4294967278,51
4294967278,329
4294967278,291
4294967278,478
4294967278,50
4294967279,49
4294967279,379
4294967278,477
4294967278,476
4294967278,44
4294967278,43
4294967278,42
4294967278,348
4294967279,42
4294967279,290
4294967278,41
4294967278,324
4294967279,41
4294967279,321
4294967278,373
4294967278,475
4294967278,40
4294967278,474
4294967278,39
4294967278,38
4294967278,372
4294967278,37
4294967294,1278
4294967294,1277
4294967279,434
4294967294,1276
4294967294,1274
4294967294,1272
4294967279,433
4294967294,1269
4294967294,1263
4294967294,1267
4294967294,1266
4294967294,1261
4294967294,1257
4294967294,1264
4294967294,1258
4294967294,1262
4294967279,432
4294967279,88
4294967294,1259
4294967294,835
4294967294,1256
4294967294,1255
4294967294,1464
4294967294,1463
4294967294,1462
4294967294,1461
4294967294,1460
4294967294,1459
4294967294,1458
4294967294,1457
4294967294,1456
4294967294,1455
4294967294,1454
4294967294,1453
4294967294,1452
4294967294,1451
4294967294,1450
4294967294,1449
4294967294,1448
4294967294,1447
4294967294,1446
4294967294,1445
4294967294,1444
4294967294,1443
4294967294,1442
4294967294,1441
4294967294,1440
4294967294,1439
4294967294,1438
4294967294,1437
4294967294,1436
4294967294,1254
4294967294,890
4294967294,1435
4294967294,1253
4294967294,889
4294967294,1434
4294967294,1433
4294967294,1432
4294967294,1431
4294967294,1430
4294967294,1429
4294967294,1428
4294967294,1427
4294967294,1426
4294967294,1425
4294967294,1424
4294967294,1423
4294967294,1422
4294967294,1421
4294967294,1420
4294967294,1419
4294967294,1418
4294967294,1417
4294967294,1416
4294967294,1415
4294967294,1414
4294967294,1413
4294967294,1412
4294967294,1411
4294967294,1410
4294967294,1409
4294967294,1408
4294967294,1252
4294967294,1251
4294967294,1250
4294967294,159
4294967294,443
4294967294,895
4294967294,894
4294967294,891
4294967294,878
4294967294,886
4294967294,885
4294967294,884
4294967294,883
4294967294,882
4294967294,881
4294967294,880
4294967294,879
4294967294,845
4294967294,839
4294967294,838
4294967278,290
4294967278,473
4294967278,36
4294967294,836
4294967278,147
4294967278,33
4294967278,320
4294967294,1248
4294967294,1249
4294967278,30
4294967278,144
4294967294,834
4294967278,319
4294967278,142
